19.082
7.632
71.77
92.185
28.882
94.136
48.093
31.504
70.8
69.634
43.603
14.296
68.974
79.868
85.752
16.021
77.727
1.099
89.687
68.521
4.366
68.691
36.859
16.721
22.741
83.476
76.616
40.978
44.782
23.809
61.416
55.815
86.076
70.187
71.676
13.877
8.51
31.448
59.84
15.087
48.129
46.823
44.894
45.334
39.553
26.5
18.328
46.454
29.66
84.835
80.485
49.829
32.709
15.007
12.245
89.615
16.679
51.646
1.176
48.453
26.322
68.855
83.535
78.418
42.265
65.04
33.959
83.066
47.49
93.094
33.179
42.601
22.595
4.746
70.766
13.524
19.479
91.25
94.718
36.542
69.437
19.092
2.58
42.111
66.117
79.045
79.844
51.652
26.393
89.622
30.521
34.311
72.939
21.89
12.09
94.065
1.126
41.576
82.391
30.064
89.831
96.565
89.624
34.248
90.871
13.107
88.22
64.652
84.959
2.454
43.172
60.192
23.469
21.14
93.315
43.348
84.733
72.748
80.069
90.806
61.209
86.763
12.329
38.969
59.585
60.991
30.475
31.168
39.722
8.024
52.868
6.483
40.309
3.362
36.756
76.267
39.219
93.051
62.154
33.794
74.751
82.093
52.056
94.875
10.317
91.361
75.254
72.868
59.592
40.401
39.059
50.198
1.73
86.261
68.39
20.312
7.01
24.332
84.981
38.937
62.081
36.238
45.858
41.581
30.97
51.905
73.788
55.406
13.117
78.205
14.051
57.917
62.914
34.953
81.665
12.346
16.573
30.527
21.126
40.195
31.627
4.038
86.742
75.073
81.967
58.683
65.802
78.788
67.023
11.847
9.112
90.603
87.578
91.482
3.838
23.61
12.635
15.444
22.132
18.398
