67.084
82.08
31.055
68.336
37.78
67.433
12.467
21.996
11.264
79.374
15.581
39.39
62.656
27.041
6.477
94.482
0.276
66.284
49.821
66.341
29.227
25.042
53.094
96.757
12.08
94.552
56.788
9.769
36.89
56.119
99.961
2.732
35.681
18.748
25.071
88.183
57.588
1.62
98.565
38.489
89.977
7.224
14.45
61.18
38.194
95.872
16.892
11.852
19.943
90.437
24.905
33.643
3.887
11.289
67.228
97.576
23.691
65.767
38.779
6.391
28.517
93.938
71.366
16.046
88.905
2.976
70.844
23.652
62.991
6.177
10.487
68.381
42.179
19.447
86.064
92.77
37.687
58.033
31.983
15.83
39.759
19.351
69.793
76.514
79.912
33.937
10.483
16.349
53.219
15.873
60.196
83.399
12.42
46.478
85.353
56.261
28.58
80.637
77.642
6.397
24.011
73.791
21.925
39.871
22.386
89.484
10.843
85.439
28.212
62.25
68.74
24.943
43.258
58.73
44.508
94.086
51.081
1.079
8.048
16.922
52.431
91.044
38.263
75.772
14.118
0.539
21.848
59.79
1.812
75.103
91.621
80.004
3.328
30.328
20.723
86.457
13.041
8.146
54.754
73.904
40.429
99.827
7.744
16.56
26.103
35.576
69.842
29.499
97.239
86.843
74.7
14.58
70.992
26.748
52.752
12.132
19.239
46.482
52.928
46.153
40.932
31.095
49.832
20.396
49.345
56.8
65.999
95.473
70.699
83.707
29.564
52.981
67.895
82.864
56.538
31.675
48.529
54.537
93.856
2.814
89.867
65.869
84.433
37.09
15.149
60.342
18.74
3.903
85.346
68.952
18.7
35.265
28.436
83.525
59.226
81.249
14.259
36.341
70.279
81.625
